              precision    recall  f1-score   support

           0       0.63      0.05      0.10       696
           1       0.51      0.16      0.24       521
           2       0.53      0.03      0.05       700
           3       0.50      0.72      0.59       891
           4       0.51      0.03      0.05       620
           5       0.29      0.80      0.42      1036

    accuracy                           0.36      4464
   macro avg       0.50      0.30      0.24      4464
weighted avg       0.48      0.36      0.27      4464
